     1        0   129600   0.000
     2    19912   129600   0.010
     3    39823   129600   0.020
     4    59734   129600   0.030
     5    79645   129600   0.040
     6    99556   129600   0.050
     7   119467   129600   0.060
     8   139378   129600   0.070
     9   159289   129600   0.080
    10   179200   129600   0.090
    11   199111   129600   0.100
    12   219022   129600   0.110
    13   238933   129600   0.120
    14   258844   129600   0.130
    15   278755   129600   0.140
    16   298666   129600   0.150
    17   318577   129600   0.160
    18   338488   129600   0.170
    19   358399   130734   0.180
    20   378310   130734   0.190
    21   398221   130734   0.200
    22   418132   130734   0.210
    23   438043   130734   0.220
    24   457954   130734   0.230
    25   477865   130734   0.240
    26   497776   130734   0.250
    27   517687   130734   0.260
    28   537598   130734   0.270
    29   557509   130734   0.280
    30   577420   130734   0.290
    31   597331   130734   0.300
    32   617242   130734   0.310
    33   637153   130734   0.320
    34   657064   130734   0.330
    35   676975   130734   0.340
    36   696886   132634   0.350
    37   716797   132634   0.360
    38   736708   132634   0.370
    39   756619   132634   0.380
    40   776530   132634   0.390
    41   796441   132634   0.400
    42   816352   132634   0.410
    43   836263   132634   0.420
    44   856174   132634   0.430
    45   876085   132634   0.440
    46   895996   132634   0.450
    47   915907   132634   0.460
    48   935818   132634   0.470
    49   955729   132634   0.480
    50   975640   132634   0.490
    51   995551   132634   0.500
    52  1015462   132634   0.510
    53  1035373   132634   0.520
    54  1055284   134660   0.530
    55  1075195   134660   0.540
    56  1095106   134660   0.550
    57  1115017   134660   0.560
    58  1134928   134660   0.570
    59  1154839   134660   0.580
    60  1174750   134660   0.590
    61  1194661   134660   0.600
    62  1214572   134660   0.610
    63  1234483   134660   0.620
    64  1254394   134660   0.630
    65  1274305   134660   0.640
    66  1294216   134660   0.650
    67  1314127   134660   0.660
    68  1334038   134660   0.670
    69  1353949   134660   0.680
    70  1373860   134660   0.690
    71  1393771   137074   0.700
    72  1413682   137074   0.710
    73  1433593   137074   0.720
    74  1453504   137074   0.730
    75  1473415   137074   0.740
    76  1493326   137074   0.750
    77  1513237   137074   0.760
    78  1533148   137074   0.770
    79  1553059   137074   0.780
    80  1572970   137074   0.790
    81  1592881   137074   0.800
    82  1612792   137074   0.810
    83  1632703   137074   0.820
    84  1652614   137074   0.830
    85  1672525   137074   0.840
    86  1692436   137074   0.850
    87  1712347   137074   0.860
    88  1732258   137074   0.870
    89  1752169   139956   0.880
    90  1772080   139956   0.890
    91  1791991   139956   0.900
    92  1811902   139956   0.910
    93  1831813   139956   0.920
    94  1851724   139956   0.930
    95  1871635   139956   0.940
    96  1891546   139956   0.950
    97  1911457   139956   0.960
    98  1931368   139956   0.970
    99  1951279   139956   0.980
   100  1971190   139956   0.990
   101  1991101   139956   1.000
   102  2011012   139956   1.010
   103  2030923   139956   1.020
   104  2050834   139956   1.030
   105  2070745   139956   1.040
   106  2090656   142569   1.050
   107  2110567   142569   1.060
   108  2130478   142569   1.070
   109  2150389   142569   1.080
   110  2170300   142569   1.090
   111  2190211   142569   1.100
   112  2210122   142569   1.110
   113  2230033   142569   1.120
   114  2249944   142569   1.130
   115  2269855   142569   1.140
   116  2289766   142569   1.150
   117  2309677   142569   1.160
   118  2329588   142569   1.170
   119  2349499   142569   1.180
   120  2369410   142569   1.190
   121  2389321   142569   1.200
   122  2409232   142569   1.210
   123  2429143   142569   1.220
   124  2449054   145423   1.230
   125  2468965   145423   1.240
   126  2488876   145423   1.250
   127  2508787   145423   1.260
   128  2528698   145423   1.270
   129  2548609   145423   1.280
   130  2568520   145423   1.290
   131  2588431   145423   1.300
   132  2608342   145423   1.310
   133  2628253   145423   1.320
   134  2648164   145423   1.330
   135  2668075   145423   1.340
   136  2687986   145423   1.350
   137  2707897   145423   1.360
   138  2727808   145423   1.370
   139  2747719   145423   1.380
   140  2767630   145423   1.390
   141  2787541   148367   1.400
   142  2807452   148367   1.410
   143  2827363   148367   1.420
   144  2847274   148367   1.430
   145  2867185   148367   1.440
   146  2887096   148367   1.450
   147  2907007   148367   1.460
   148  2926918   148367   1.470
   149  2946829   148367   1.480
   150  2966740   148367   1.490
   151  2986651   148367   1.500
   152  3006562   148367   1.510
   153  3026473   148367   1.520
   154  3046384   148367   1.530
   155  3066295   148367   1.540
   156  3086206   148367   1.550
   157  3106117   148367   1.560
   158  3126028   148367   1.570
   159  3145939   151394   1.580
   160  3165850   151394   1.590
   161  3185761   151394   1.600
   162  3205672   151394   1.610
   163  3225583   151394   1.620
   164  3245494   151394   1.630
   165  3265405   151394   1.640
   166  3285316   151394   1.650
   167  3305227   151394   1.660
   168  3325138   151394   1.670
   169  3345049   151394   1.680
   170  3364960   151394   1.690
   171  3384871   151394   1.700
   172  3404782   151394   1.710
   173  3424693   151394   1.720
   174  3444604   151394   1.730
   175  3464515   151394   1.740
   176  3484426   154452   1.750
   177  3504337   154452   1.760
   178  3524248   154452   1.770
   179  3544159   154452   1.780
   180  3564070   154452   1.790
   181  3583981   154452   1.800
   182  3603892   154452   1.810
   183  3623803   154452   1.820
   184  3643714   154452   1.830
   185  3663625   154452   1.840
   186  3683536   154452   1.850
   187  3703447   154452   1.860
   188  3723358   154452   1.870
   189  3743269   154452   1.880
   190  3763180   154452   1.890
   191  3783091   154452   1.900
   192  3803002   154452   1.910
   193  3822913   154452   1.920
   194  3842824   157543   1.930
   195  3862735   157543   1.940
   196  3882646   157543   1.950
   197  3902557   157543   1.960
   198  3922468   157543   1.970
   199  3942379   157543   1.980
   200  3962290   157543   1.990
   201  3982201   157543   2.000
   202  4002112   157543   2.010
   203  4022023   157543   2.020
   204  4041934   157543   2.030
   205  4061845   157543   2.040
   206  4081756   157543   2.050
   207  4101667   157543   2.060
   208  4121578   157543   2.070
   209  4141489   157543   2.080
   210  4161400   157543   2.090
   211  4181311   160751   2.100
   212  4201222   160751   2.110
   213  4221133   160751   2.120
   214  4241044   160751   2.130
   215  4260955   160751   2.140
   216  4280866   160751   2.150
   217  4300777   160751   2.160
   218  4320688   160751   2.170
   219  4340599   160751   2.180
   220  4360510   160751   2.190
   221  4380421   160751   2.200
   222  4400332   160751   2.210
   223  4420243   160751   2.220
   224  4440154   160751   2.230
   225  4460065   160751   2.240
   226  4479976   160751   2.250
   227  4499887   160751   2.260
   228  4519798   160751   2.270
   229  4539709   163822   2.280
   230  4559620   163822   2.290
   231  4579531   163822   2.300
   232  4599442   163822   2.310
   233  4619353   163822   2.320
   234  4639264   163822   2.330
   235  4659175   163822   2.340
   236  4679086   163822   2.350
   237  4698997   163822   2.360
   238  4718908   163822   2.370
   239  4738819   163822   2.380
   240  4758730   163822   2.390
   241  4778641   163822   2.400
   242  4798552   163822   2.410
   243  4818463   163822   2.420
   244  4838374   163822   2.430
   245  4858285   163822   2.440
   246  4878196   166945   2.450
   247  4898107   166945   2.460
   248  4918018   166945   2.470
   249  4937929   166945   2.480
   250  4957840   166945   2.490
   251  4977751   166945   2.500
   252  4997662   166945   2.510
   253  5017573   166945   2.520
   254  5037484   166945   2.530
   255  5057395   166945   2.540
   256  5077306   166945   2.550
   257  5097217   166945   2.560
   258  5117128   166945   2.570
   259  5137039   166945   2.580
   260  5156950   166945   2.590
   261  5176861   166945   2.600
   262  5196772   166945   2.610
   263  5216683   166945   2.620
   264  5236594   170220   2.630
   265  5256505   170220   2.640
   266  5276416   170220   2.650
   267  5296327   170220   2.660
   268  5316238   170220   2.670
   269  5336149   170220   2.680
   270  5356060   170220   2.690
   271  5375971   170220   2.700
   272  5395882   170220   2.710
   273  5415793   170220   2.720
   274  5435704   170220   2.730
   275  5455615   170220   2.740
   276  5475526   170220   2.750
   277  5495437   170220   2.760
   278  5515348   170220   2.770
   279  5535259   170220   2.780
   280  5555170   170220   2.790
   281  5575081   173372   2.800
   282  5594992   173372   2.810
   283  5614903   173372   2.820
   284  5634814   173372   2.830
   285  5654725   173372   2.840
   286  5674636   173372   2.850
   287  5694547   173372   2.860
   288  5714458   173372   2.870
   289  5734369   173372   2.880
   290  5754280   173372   2.890
   291  5774191   173372   2.900
   292  5794102   173372   2.910
   293  5814013   173372   2.920
   294  5833924   173372   2.930
   295  5853835   173372   2.940
   296  5873746   173372   2.950
   297  5893657   173372   2.960
   298  5913568   173372   2.970
   299  5933479   176549   2.980
   300  5953390   176549   2.990
   301  5973301   176549   3.000
   302  5993212   176549   3.010
   303  6013123   176549   3.020
   304  6033034   176549   3.030
   305  6052945   176549   3.040
   306  6072856   176549   3.050
   307  6092767   176549   3.060
   308  6112678   176549   3.070
   309  6132589   176549   3.080
   310  6152500   176549   3.090
   311  6172411   176549   3.100
   312  6192322   176549   3.110
   313  6212233   176549   3.120
   314  6232144   176549   3.130
   315  6252055   176549   3.140
   316  6271966   179802   3.150
   317  6291877   179802   3.160
   318  6311788   179802   3.170
   319  6331699   179802   3.180
   320  6351610   179802   3.190
